tree
version=v4
num_class=1
num_tree_per_iteration=1
label_index=0
max_feature_idx=0
objective=binary sigmoid:1
feature_names=Column_0
monotone_constraints=0
feature_infos=[-54.40813:77.411306999999994]
tree_sizes=1366 1411 1415 1414 1518 1530 1525 1524 1415 1420 1524 1419 1318 1526 1429 1425 1425 1532 1318 1429 1526 1319 1530 1428 1538 1634 1528 1323 1547 1429 1429 1432 1441 1434 1438 1538 1318 1434 1542 1427 1654 1751 1542 1530 1541 1541 1439

Tree=0
num_leaves=12
num_cat=0
split_feature=0 0 0 0 0 0 0 0 0 0 0
split_gain=245.448 37.1706 1.95482 2.83025 1.89313 1.81807 1.70399 1.51176 0.84537 0.316494 0.134488
threshold=25.255762500000007 21.026541500000004 8.6987120000000022 18.053218500000003 5.0579710000000011 16.604183500000001 30.374560000000002 22.660547500000003 14.260119000000001 11.499502000000001 19.254421500000003
decision_type=2 2 2 2 2 2 2 2 2 2 2
left_child=1 2 4 5 -1 8 -2 -3 9 -4 -5
right_child=6 7 3 10 -6 -7 -8 -9 -10 -11 -12
leaf_value=-2.4079848903311953 -2.3052027397117487 -2.3791428780080257 -2.4050693631500257 -2.4148917543522228 -2.4215072794587829 -2.3938765693042816 -2.3190573772626855 -2.3660437903632765 -2.4089920343187923 -2.3999360726131389 -2.4110446615965886
leaf_weight=71.178249388933182 47.375133521854877 39.51779430359602 52.228195980191231 39.979990728199482 40.673285365104675 49.455017432570457 41.75174368917942 49.763148382306099 70.330889277160168 70.639020226895809 52.613359667360783
leaf_count=924 615 513 678 519 528 642 542 646 913 917 683
internal_value=-2.38853 -2.4013 -2.40718 -2.40527 -2.4129 -2.40243 -2.31169 -2.37184 -2.40462 -2.40212 -2.41271
internal_weight=625.506 536.379 447.098 335.246 111.852 242.653 89.1269 89.2809 193.198 122.867 92.5934
internal_count=8120 6963 5804 4352 1452 3150 1157 1159 2508 1595 1202
is_linear=0
shrinkage=1


Tree=1
num_leaves=12
num_cat=0
split_feature=0 0 0 0 0 0 0 0 0 0 0
split_gain=233.136 16.1133 6.13118 1.8785 1.7047 2.70715 2.21871 0.806819 0.587267 0.45387 0.429082
threshold=22.084194000000004 28.362865000000003 8.6987120000000022 20.660386000000003 17.599433000000005 15.904178000000002 14.326484500000001 24.577137000000004 11.499502000000001 5.0579710000000011 19.254421500000003
decision_type=2 2 2 2 2 2 2 2 2 2 2
left_child=2 7 9 4 5 6 8 -2 -4 -1 -6
right_child=1 -3 3 -5 10 -7 -8 -9 -10 -11 -12
leaf_value=-0.026351541558140741 0.043805276490195298 0.07269823433183098 -0.017931134490079999 -0.0047956027897323806 -0.025263810787657499 -0.0046558233542349885 -0.026611451744270806 0.03476136551578516 -0.010904992637698776 -0.033026422114054793 -0.018495293776986874
leaf_weight=71.052291691303253 52.801212705671787 58.370693162083626 50.571557924151421 38.152688555419445 51.313927978277206 56.133314244449139 46.621988713741302 46.271562002599239 72.198388926684856 39.695587009191513 43.066581711173058
leaf_count=938 675 714 666 495 678 736 616 567 947 530 570
internal_value=-0.000783223 0.0518591 -0.0184626 -0.0152825 -0.0165332 -0.014172 -0.0173255 0.0395814 -0.0137992 -0.028744 -0.0221753
internal_weight=626.25 157.443 468.806 358.058 319.906 225.525 169.392 99.0728 122.77 110.748 94.3805
internal_count=8132 1956 6176 4708 4213 2965 2229 1242 1613 1468 1248
is_linear=0
shrinkage=0.05


Tree=2
num_leaves=12
num_cat=0
split_feature=0 0 0 0 0 0 0 0 0 0 0
split_gain=186.131 18.1283 4.62145 4.04001 5.47913 2.69236 0.749429 1.9737 1.10664 0.393334 0.129574
threshold=22.162026500000003 25.433994000000002 20.759429500000007 18.593614500000005 13.989923500000002 30.868116500000003 8.6987120000000022 12.393562000000001 -0.6337664999999999 16.604183500000001 15.343325000000002
decision_type=2 2 2 2 2 2 2 2 2 2 2
left_child=2 -2 3 4 6 -3 8 -8 -1 10 -6
right_child=1 5 -4 -5 9 -7 7 -9 -10 -11 -12
leaf_value=-0.017042353495519146 0.02515799046696084 0.067172477286800147 -0.00023788168763417595 -0.029461953976392643 -0.0087944901945778732 0.050406308122242539 -0.013261626553836219 -0.026868061372236626 -0.027701660247914955 -0.0055997289967587337 -0.01289949441197278
leaf_weight=37.492863371968269 64.331356160342693 51.881080701947212 39.55122422426939 66.189273148775101 38.370892062783241 44.467366814613342 74.052263155579567 41.63811057806015 69.459411785006523 66.494784243404865 38.522970639169216
leaf_count=506 792 606 513 892 516 514 987 551 946 882 515
internal_value=-0.000767234 0.0457112 -0.0165972 -0.0180942 -0.0160386 0.0594344 -0.0209479 -0.0181587 -0.023965 -0.00841581 -0.0108511
internal_weight=632.452 160.68 471.772 432.221 366.031 96.3484 222.643 115.69 106.952 143.389 76.8939
internal_count=8220 1912 6308 5795 4903 1120 2990 1538 1452 1913 1031
is_linear=0
shrinkage=0.05


Tree=3
num_leaves=12
num_cat=0
split_feature=0 0 0 0 0 0 0 0 0 0 0
split_gain=175.083 21.1784 5.91161 2.1975 6.25552 4.1959 0.731932 0.768142 0.731557 0.353058 0.0321895
threshold=22.162026500000003 28.078908000000002 8.6987120000000022 17.599433000000005 20.000196000000006 16.469310500000002 13.989923500000002 10.993377000000001 24.900565000000004 3.8879710000000007 18.811739500000005
decision_type=2 2 2 2 2 2 2 2 2 2 2
left_child=2 8 9 5 10 6 7 -4 -2 -1 -5
right_child=1 -3 3 4 -6 -7 -8 -9 -10 -11 -12
leaf_value=-0.028073752688688742 0.026435854885858534 0.066524018530288415 -0.0092339487351996308 -0.025611673283529542 -0.005103307923140738 0.0059134122312204046 -0.0082119158717582352 -0.017828109704915007 0.0350783814213999 -0.022267116122677257 -0.027671288661106703
leaf_weight=59.118603840470314 57.70628672093153 66.324160009622574 40.983233794569969 38.276920907199383 60.750305086374283 38.895365104079247 71.498464055359364 71.117553658783436 42.532256811857224 46.981822863221169 37.611477732658386
leaf_count=812 697 732 554 520 805 513 968 959 481 658 520
internal_value=0.000616039 0.0446056 -0.0151331 -0.0120696 -0.0170605 -0.00900455 -0.0121649 -0.0146861 0.030103 -0.0255025 -0.0266325
internal_weight=631.796 166.563 465.234 359.133 136.639 222.495 183.599 112.101 100.239 106.1 75.8884
internal_count=8219 1910 6309 4839 1845 2994 2481 1513 1178 1470 1040
is_linear=0
shrinkage=0.05


Tree=4
num_leaves=13
num_cat=0
split_feature=0 0 0 0 0 0 0 0 0 0 0 0
split_gain=142.571 15.5997 6.51741 3.48003 3.06036 1.4824 1.67621 1.30365 0.705045 0.624845 0.255916 0.11652
threshold=22.084194000000004 25.433994000000002 8.6987120000000022 20.660386000000003 17.599433000000005 16.469310500000002 14.326484500000001 30.374560000000002 19.390810000000005 11.230260500000002 4.4171975000000012 12.932435000000003
decision_type=2 2 2 2 2 2 2 2 2 2 2 2
left_child=2 -2 10 4 5 6 9 -3 -6 -4 -1 -11
right_child=1 7 3 -5 8 -7 -8 -9 -10 11 -12 -13
leaf_value=-0.023880008203630659 0.01996471728546155 0.05600087166877421 -0.013319425404554192 0.002542766505208351 -0.024579112950632535 -0.0014228651449588899 -0.018787961623103255 0.04484918110903089 -0.015622409510738677 -0.0078462328182016088 -0.028958649104489427 -0.0039137346857730368
leaf_weight=61.070374332368374 69.894398085772991 52.749077051877975 45.110028721392155 38.539381496608257 55.699293322861195 39.541678681969643 61.917285829782486 52.083423599600792 36.284664869308472 37.652639992535114 41.771892786026001 37.69392953068018
leaf_count=859 826 563 615 505 779 519 846 548 507 514 597 515
internal_value=-0.000133264 0.0382615 -0.0148683 -0.0116368 -0.0133777 -0.0101992 -0.012102 0.0504604 -0.021046 -0.00866532 -0.0259428 -0.00587891
internal_weight=630.008 174.727 455.281 352.439 313.9 221.916 182.374 104.833 91.984 120.457 102.842 75.3466
internal_count=8193 1937 6256 4800 4295 3009 2490 1111 1286 1644 1456 1029
is_linear=0
shrinkage=0.05


Tree=5
num_leaves=13
num_cat=0
split_feature=0 0 0 0 0 0 0 0 0 0 0 0
split_gain=119.741 9.97768 2.8372 1.56558 3.49951 2.56772 2.64311 0.365857 0.353641 0.602503 0.183795 0.0603653
threshold=21.582125500000004 25.433994000000002 11.499502000000001 20.142225500000006 17.662924500000003 16.469310500000002 14.611426500000002 13.227381500000002 0.52550000000000008 7.5420310000000006 30.868116500000003 18.884473000000003
decision_type=2 2 2 2 2 2 2 2 2 2 2 2
left_child=2 -2 8 4 5 6 7 -4 -1 -10 -3 -6
right_child=1 10 3 -5 11 -7 -8 -9 9 -11 -12 -13
leaf_value=-0.023851722396689992 0.020056100567923771 0.044923998487729544 -0.0099289285258020114 -0.0024368840669712578 -0.020618334748785671 0.0017393912084989389 -0.021119036999703963 -0.0030099435278924417 -0.014096874317889167 -0.021610237904433643 0.040789458692453727 -0.023486842552711495
leaf_weight=41.343884110450745 83.766222223639488 58.846380144357681 39.448410406708717 41.366161152720451 35.815435469150543 41.780561573803425 52.833968579769135 37.050171136856079 46.347615271806717 62.887853108346462 49.48074746131897 37.590229794383049
leaf_count=592 991 601 542 556 509 551 733 509 674 879 503 539
internal_value=0.000119267 0.0330148 -0.0143585 -0.0114328 -0.0129547 -0.00903688 -0.0125181 -0.00657789 -0.0199131 -0.0184224 0.0430355 -0.0220873
internal_weight=628.558 192.093 436.464 285.885 244.519 171.113 129.333 76.4986 150.579 109.235 108.327 73.4057
internal_count=8179 2095 6084 3939 3383 2335 1784 1051 2145 1553 1104 1048
is_linear=0
shrinkage=0.05


Tree=6
num_leaves=13
num_cat=0
split_feature=0 0 0 0 0 0 0 0 0 0 0 0
split_gain=147.431 8.1828 6.03919 1.54219 3.24501 2.23089 1.37341 0.453268 0.415572 0.349244 0.338456 0.0942066
threshold=22.162026500000003 25.433994000000002 8.6987120000000022 20.837973000000002 16.946222500000005 13.989923500000002 10.993377000000001 19.390810000000005 4.4171975000000012 18.141392000000003 15.437714500000002 29.597403500000002
decision_type=2 2 2 2 2 2 2 2 2 2 2 2
left_child=2 -2 8 4 5 6 -4 9 -1 -6 -7 -3
right_child=1 11 3 -5 7 10 -8 -9 -10 -11 -12 -13
leaf_value=-0.025420083277415143 0.022440438736483506 0.042487653975667776 -0.0086824917826349712 -0.0043281694522076643 -0.020827220831486887 -0.0018922661214789323 -0.020400675546376996 -0.017593791613235644 -0.03206574508826953 -0.027722747461281918 -0.0081333762223599042 0.045346630258892254
leaf_weight=59.499143399298191 70.683062754571438 53.579837128520012 39.557928666472435 36.774391807615757 37.273897588253021 39.188158683478832 67.965691171586514 39.706914432346821 38.906105175614357 36.192416600883007 48.741626724600792 62.336823254823685
leaf_count=869 807 531 555 474 506 548 943 566 578 531 670 611
internal_value=-0.00144136 0.035849 -0.0171202 -0.014007 -0.0151602 -0.0112589 -0.0160896 -0.0218979 -0.0280476 -0.0242242 -0.00535187 0.0440251
internal_weight=630.406 186.6 443.806 345.401 308.627 195.453 107.524 113.173 98.4052 73.4663 87.9298 115.917
internal_count=8189 1949 6240 4793 4319 2716 1498 1603 1447 1037 1218 1142
is_linear=0
shrinkage=0.05


Tree=7
num_leaves=13
num_cat=0
split_feature=0 0 0 0 0 0 0 0 0 0 0 0
split_gain=106.587 9.58103 2.44866 3.0406 3.37452 1.32389 2.07597 1.23204 0.604189 0.351579 0.0461432 0.0119468
threshold=22.084194000000004 26.587815000000003 20.759429500000007 17.599433000000005 15.672482000000002 8.6987120000000022 14.326484500000001 5.0579710000000011 19.094936000000001 12.736850000000002 23.994747500000003 10.888735000000002
decision_type=2 2 2 2 2 2 2 2 2 2 2 2
left_child=2 10 3 4 5 7 9 -1 -5 11 -2 -7
right_child=1 -3 -4 8 -6 6 -8 -9 -10 -11 -12 -13
leaf_value=-0.017155360728927597 0.016690031962743525 0.040086219608261545 -0.0030606526535351666 -0.02881307064015827 -0.0036471249612136797 -0.0077867947074310344 -0.024182567548601926 -0.028951943003402314 -0.020627635103577496 -0.01421429420030897 0.018907307385743099 -0.009064022678828448
leaf_weight=62.612129725515842 47.130588337779045 99.080211795866489 36.887317985296249 43.789473250508308 61.145314157009125 35.589179076254368 36.728886947035789 34.236295446753502 46.465472489595413 41.25326581299305 46.728469714522362 37.706560917198658
leaf_count=935 532 940 481 648 832 503 521 524 680 576 492 533
internal_value=-0.00170499 0.0292417 -0.0153866 -0.0165246 -0.0141682 -0.0167609 -0.0138387 -0.0213255 -0.024599 -0.010522 0.0177939 -0.00844386
internal_weight=629.353 192.939 436.414 399.527 309.272 248.126 151.278 96.8484 90.2549 114.549 93.8591 73.2957
internal_count=8197 1964 6233 5752 4424 3592 2133 1459 1328 1612 1024 1036
is_linear=0
shrinkage=0.05


Tree=8
num_leaves=12
num_cat=0
split_feature=0 0 0 0 0 0 0 0 0 0 0
split_gain=92.8967 6.89421 4.54308 2.42477 2.70567 2.18558 0.791872 0.673192 0.64774 0.51839 0.0743613
threshold=22.530527000000003 25.433994000000002 20.000196000000006 8.6987120000000022 18.593614500000005 16.604183500000001 30.868116500000003 5.0579710000000011 12.736850000000002 15.035677500000002 10.993377000000001
decision_type=2 2 2 2 2 2 2 2 2 2 2
left_child=2 -2 3 7 5 8 -3 -1 10 -10 -5
right_child=1 6 -4 4 -6 -7 -8 -9 9 -11 -12
leaf_value=-0.017628734674795022 0.017006395000361559 0.041212078732468953 0.00023505938940448416 -0.0072974768557032962 -0.023639149356513137 -0.0014451959218284845 0.03311159103137748 -0.026319495834372653 -0.01805320292913196 -0.010913916926148216 -0.010445331017112612
leaf_weight=62.163637116551399 62.666865974664688 64.657531253993511 66.647041320800781 38.445712633430958 39.809728540480137 61.609136939048767 56.562282621860504 34.732192680239677 58.224038146436214 45.13864953815937 36.641963370144367
leaf_count=942 692 601 882 547 609 866 522 545 828 643 522
internal_value=0.000592656 0.0304714 -0.0117983 -0.0139269 -0.0115667 -0.00956472 0.0374323 -0.0207439 -0.0123679 -0.0149355 -0.0088336
internal_weight=627.299 183.887 443.412 376.765 279.869 240.06 121.22 96.8958 178.45 103.363 75.0877
internal_count=8199 1815 6384 5502 4015 3406 1123 1487 2540 1471 1069
is_linear=0
shrinkage=0.05


Tree=9
num_leaves=12
num_cat=0
split_feature=0 0 0 0 0 0 0 0 0 0 0
split_gain=80.2966 6.51688 5.84352 2.26478 3.30317 2.63157 1.58944 1.41688 1.00141 0.530526 0.0032463
threshold=21.582125500000004 25.433994000000002 8.6987120000000022 17.472624500000006 16.308307000000003 20.000196000000006 30.868116500000003 5.0579710000000011 14.326484500000001 12.316377500000002 18.674040500000004
decision_type=2 2 2 2 2 2 2 2 2 2 2
left_child=2 -2 7 4 8 10 -3 -1 9 -4 -5
right_child=1 6 3 5 -6 -7 -8 -9 -10 -11 -12
leaf_value=-0.01890293116390461 0.015163786574755769 0.038151499408533657 -0.0093724910461374343 -0.020335126407929931 0.0073037603699166887 -0.0049597073083150773 0.026779660828415042 -0.031841535623736261 -0.014757845239399501 -0.0024295355461493666 -0.021012016138086575
leaf_weight=61.686054259538651 89.133255198597908 66.535732433199883 63.747863963246346 34.224033549427986 38.081839047372341 42.565613031387329 57.094150245189667 32.206477615982294 52.226494483649731 48.407446272671223 36.71548306196928
leaf_count=949 1000 600 914 507 512 586 514 517 760 695 573
internal_value=0.000548041 0.0254696 -0.012389 -0.00913452 -0.00596499 -0.0147881 0.0328998 -0.0233411 -0.00903892 -0.00637584 -0.0206855
internal_weight=622.624 212.763 409.861 315.969 202.464 113.505 123.63 93.8925 164.382 112.155 70.9395
internal_count=8127 2114 6013 4547 2881 1666 1114 1466 2369 1609 1080
is_linear=0
shrinkage=0.05


Tree=10
num_leaves=13
num_cat=0
split_feature=0 0 0 0 0 0 0 0 0 0 0 0
split_gain=69.9854 5.78526 2.78654 1.76811 1.88958 2.22915 2.21669 0.812856 0.209448 0.43346 0.170757 0.161013
threshold=21.582125500000004 25.433994000000002 11.499502000000001 14.326484500000001 15.739858500000002 17.599433000000005 19.254421500000003 30.868116500000003 9.5578735000000012 6.3272855000000012 -0.6337664999999999 23.281446500000005
decision_type=2 2 2 2 2 2 2 2 2 2 2 2
left_child=2 11 8 -4 -5 -6 -7 -3 9 10 -1 -2
right_child=1 7 3 4 5 6 -8 -9 -10 -11 -12 -13
leaf_value=-0.016640938496130745 0.015137316869854513 0.033235699360952088 -0.0024290725575779933 -0.022160021986674411 -0.00163424866593034 -0.022331890192503954 -0.0078038656156147303 0.025194240326036017 -0.021537783174295073 -0.012321930629457474 -0.021598058179638883 0.010915278089293372
leaf_weight=32.38914380967617 45.360649637877941 69.377139374613762 66.813409514725208 36.207938395440578 57.895114660263062 44.636335209012032 63.763645686209202 57.44752874225378 35.394873060286045 32.661661431193352 37.469770215451717 44.968022190034389
leaf_count=506 518 608 961 537 793 697 922 507 513 517 595 483
internal_value=-0.000217999 0.0227057 -0.0124419 -0.00948214 -0.0118092 -0.00955549 -0.0137861 0.0295932 -0.0182216 -0.0170767 -0.0192998 0.0130355
internal_weight=624.385 217.153 407.232 269.316 202.503 166.295 108.4 126.825 137.915 102.521 69.8589 90.3287
internal_count=8157 2116 6041 3910 2949 2412 1619 1115 2131 1618 1101 1001
is_linear=0
shrinkage=0.05


Tree=11
num_leaves=12
num_cat=0
split_feature=0 0 0 0 0 0 0 0 0 0 0
split_gain=73.449 7.23931 4.77818 1.85288 3.2398 2.915 1.10024 1.66383 0.547665 0.264406 0.0792908
threshold=21.582125500000004 26.587815000000003 8.6987120000000022 17.810688000000003 16.604183500000001 20.000196000000006 14.326484500000001 11.230260500000002 4.1342230000000013 23.994747500000003 12.932435000000003
decision_type=2 2 2 2 2 2 2 2 2 2 2
left_child=2 9 8 4 6 -5 7 -4 -1 -2 -9
right_child=1 -3 3 5 -6 -7 -8 10 -10 -11 -12
leaf_value=-0.025726053995822663 0.01277609789092066 0.033034623379436516 -0.014596907353589298 -0.022108147099883797 0.0060958741855239897 -0.0051795338479571386 -0.01505231470673387 -0.0036989118936232319 -0.017729012504402893 0.017685524071818119 -0.00036049650165122953
leaf_weight=51.984779044985771 64.351605825126171 107.32519564777613 41.914132565259933 58.72952763736248 40.530877187848091 44.848404176533222 60.417672827839851 35.767838053405285 36.399427887052298 47.793805867433548 35.378925137221813
leaf_count=826 714 919 616 936 552 625 892 519 604 470 509
internal_value=0.000448094 0.023752 -0.0121501 -0.00928854 -0.00663161 -0.0147782 -0.00960521 -0.00669438 -0.0224326 0.0148684 -0.00203883
internal_weight=625.442 219.471 405.972 317.587 214.009 103.578 173.479 113.061 88.3842 112.145 71.1468
internal_count=8182 2103 6079 4649 3088 1561 2536 1644 1430 1184 1028
is_linear=0
shrinkage=0.05


Tree=12
num_leaves=11
num_cat=0
split_feature=0 0 0 0 0 0 0 0 0 0
split_gain=58.8143 6.23901 3.72661 1.17998 1.67261 1.99584 1.02534 0.667327 0.659682 0.592981
threshold=22.162026500000003 27.825026500000003 8.6987120000000022 20.837973000000002 18.593614500000005 16.604183500000001 24.577137000000004 14.260119000000001 -0.6337664999999999 11.230260500000002
decision_type=2 2 2 2 2 2 2 2 2 2
left_child=2 6 8 4 5 7 -2 9 -1 -4
right_child=1 -3 3 -5 -6 -7 -8 -9 -10 -11
leaf_value=-0.01381718633115055 0.019064077538984234 0.032187906457240172 -0.012227187905228754 0.00054700630564634347 -0.016519388998911883 0.00081899536076058535 0.0095839628956725497 -0.013947114700995461 -0.022875103941836349 -0.0045969739327597712
leaf_weight=31.470198221504688 60.695884339511395 90.268513858318329 40.788586154580116 36.228477284312248 59.215795826166868 59.16278612613678 53.806657575070858 62.568909794092178 55.640093021094799 67.768000714480877
leaf_count=510 643 753 607 466 933 850 488 933 927 982
internal_value=0.000449947 0.0223584 -0.0104167 -0.00796006 -0.00902463 -0.00709745 0.0146092 -0.00983438 -0.0196028 -0.00746392
internal_weight=617.614 204.771 412.843 325.733 289.504 230.288 114.503 171.125 87.1103 108.557
internal_count=8092 1884 6208 4771 4305 3372 1131 2522 1437 1589
is_linear=0
shrinkage=0.05


Tree=13
num_leaves=13
num_cat=0
split_feature=0 0 0 0 0 0 0 0 0 0 0 0
split_gain=81.382 8.85944 1.094 1.24368 0.906576 1.05437 1.04067 0.940079 0.41014 0.19521 0.0218672 0.0210449
threshold=22.162026500000003 25.433994000000002 8.6987120000000022 5.0579710000000011 17.599433000000005 20.000196000000006 15.672482000000002 12.736850000000002 30.868116500000003 14.326484500000001 18.742945500000001 10.888735000000002
decision_type=2 2 2 2 2 2 2 2 2 2 2 2
left_child=2 -2 3 -1 6 10 7 11 -3 -9 -6 -4
right_child=1 8 4 -5 5 -7 -8 9 -10 -11 -12 -13
leaf_value=-0.012695706596330694 0.012459623184172208 0.03621364444497914 -0.0059993102507157441 -0.025170698931101215 -0.019540998948166601 -0.0093235141325250272 -0.0031444909467838256 -0.012566744320587929 0.030680943607426577 -0.017787968468323881 -0.01767711562049527 -0.0077191050547731595
leaf_weight=58.866019438952208 76.660537697374821 74.655974179506302 34.468241721391678 30.242959689348936 30.817347761243582 59.913625873625278 60.63847279548645 38.586672857403755 60.756332084536552 33.395159006118774 32.155297193676233 36.758474722504616
leaf_count=971 799 617 517 524 491 814 840 559 502 518 534 540
internal_value=0.000835844 0.0260419 -0.0120189 -0.0169296 -0.0106796 -0.0140717 -0.00863464 -0.0109593 0.0337313 -0.0149891 -0.0185893 -0.00688686
internal_weight=627.915 212.073 415.842 89.109 326.733 122.886 203.847 143.209 135.412 71.9818 62.9726 71.2267
internal_count=8226 1918 6308 1495 4813 1839 2974 2134 1119 1077 1025 1057
is_linear=0
shrinkage=0.05


Tree=14
num_leaves=12
num_cat=0
split_feature=0 0 0 0 0 0 0 0 0 0 0
split_gain=43.9252 7.12649 1.60453 1.2163 0.935869 2.13241 0.764828 1.88034 0.976104 0.56199 0.0695826
threshold=21.582125500000004 28.078908000000002 6.5741235000000007 23.533421000000004 10.100108000000002 12.044751500000002 18.141392000000003 20.000196000000006 16.604183500000001 14.326484500000001 1.0000000180025095e-35
decision_type=2 2 2 2 2 2 2 2 2 2 2
left_child=2 3 10 -2 -4 -6 8 -8 9 -7 -1
right_child=1 -3 4 -5 5 6 7 -9 -10 -11 -12
leaf_value=-0.014744963513993415 0.016792561139527002 0.028651565716919 -0.00076253587894433707 0.0071185571963640025 -0.020139984694425943 -0.0041454340769210198 -0.01779164514629519 -0.0033130423017759293 0.00072010692231541575 -0.011174749574768396 -0.017989645487009383
leaf_weight=31.012147851288319 52.407711066305637 93.933173194527626 39.792727246880531 85.498535290360451 37.058815315365791 55.181397274136543 47.733980420976877 42.292756646871567 48.221538349986076 58.662237487733364 35.366637408733368
leaf_count=515 574 748 650 789 556 808 800 600 675 897 604
internal_value=0.000750778 0.0180298 -0.00938262 0.0107949 -0.00795168 -0.00894105 -0.00729474 -0.0109899 -0.0052421 -0.00776755 -0.0164737
internal_weight=627.162 231.839 395.322 137.906 328.943 289.151 252.092 90.0267 162.065 113.844 66.3788
internal_count=8216 2111 6105 1363 4986 4336 3780 1400 2380 1705 1119
is_linear=0
shrinkage=0.05


Tree=15
num_leaves=12
num_cat=0
split_feature=0 0 0 0 0 0 0 0 0 0 0
split_gain=40.7011 6.54563 2.56376 1.98311 0.724359 1.2284 0.609387 0.782139 1.00239 0.278992 0.12649
threshold=21.026541500000004 26.319089500000004 8.6987120000000022 22.918439000000003 18.593614500000005 15.672482000000002 14.260119000000001 12.830221500000002 10.993377000000001 1.6275585000000004 17.178610000000003
decision_type=2 2 2 2 2 2 2 2 2 2 2
left_child=2 3 9 -2 5 6 7 8 -4 -1 -7
right_child=1 -3 4 -5 -6 10 -8 -9 -10 -11 -12
leaf_value=-0.021301439261215794 0.014879512804174464 0.023670576013641816 -0.0050347872930127675 0.0023842688639747782 -0.012929564201277943 -0.00039780392464156033 -0.015547083862970081 -0.0017923047466121154 -0.016734162475776814 -0.015497561322150598 -0.0042257296875759199
leaf_weight=37.409642830491066 54.883968390524387 124.91781909763813 36.903962068259716 75.347443550825119 62.732076670974493 46.489619083702564 34.121185056865215 35.458821259438992 36.334502607584 46.373054657131433 40.278557557612658
leaf_count=631 647 984 561 733 1014 657 539 521 543 813 609
internal_value=7.91382e-05 0.0154936 -0.0103781 0.00765019 -0.00816803 -0.00686699 -0.00971771 -0.00788782 -0.010839 -0.018089 -0.00217476
internal_weight=631.251 255.149 376.101 130.231 292.319 229.587 142.818 108.697 73.2385 83.7827 86.7682
internal_count=8252 2364 5888 1380 4444 3430 2164 1625 1104 1444 1266
is_linear=0
shrinkage=0.05


Tree=16
num_leaves=12
num_cat=0
split_feature=0 0 0 0 0 0 0 0 0 0 0
split_gain=47.1283 1.83593 4.63706 1.39671 1.22299 1.92565 0.267423 0.358081 0.264847 0.906659 0.713394
threshold=22.084194000000004 32.253740000000008 25.433994000000002 20.837973000000002 18.593614500000005 13.923890000000002 15.904178000000002 17.252087000000003 7.5420310000000006 1.6275585000000004 11.230260500000002
decision_type=2 2 2 2 2 2 2 2 2 2 2
left_child=3 2 -2 4 5 8 -7 -8 9 -1 -10
right_child=1 -3 -4 -5 -6 6 7 -9 10 -11 -12
leaf_value=-0.016308102696496348 0.012412899729024205 0.010592480634399694 0.029015277746792464 -0.00060821673501625908 -0.017948936081333133 -0.0081243411010475924 -0.00027978259661670679 -0.0070185815611557697 -0.019048045153685311 -0.0051751585527224954 -0.010953650552248614
leaf_weight=37.837185569107533 82.371064983308315 58.272776007652283 85.934022471308708 34.239669807255268 56.292302951216698 50.472961593419313 41.691922843456268 37.39424230530858 52.042373470962048 35.395837716758251 57.072728730738163
leaf_count=650 842 454 675 442 931 790 580 573 828 626 854
internal_value=1.64337e-06 0.0182415 0.0208898 -0.0102676 -0.0111658 -0.00994164 -0.00528082 -0.00346608 -0.0132532 -0.0109272 -0.0148143
internal_weight=629.017 226.578 168.305 402.439 368.2 311.907 129.559 79.0862 182.348 73.233 109.115
internal_count=8245 1971 1517 6274 5832 4901 1943 1153 2958 1276 1682
is_linear=0
shrinkage=0.05


Tree=17
num_leaves=13
num_cat=0
split_feature=0 0 0 0 0 0 0 0 0 0 0 0
split_gain=42.6607 2.75652 1.28763 2.87692 2.0728 0.951283 0.812815 0.724449 0.441181 0.865197 0.237005 0.210848
threshold=22.162026500000003 25.433994000000002 13.526646000000001 17.599433000000005 20.660386000000003 30.868116500000003 19.022238500000004 16.556864000000004 1.6275585000000004 10.373211000000001 14.948539000000002 7.5420310000000006
decision_type=2 2 2 2 2 2 2 2 2 2 2 2
left_child=2 -2 8 7 6 -3 -5 10 -1 11 -4 -10
right_child=1 5 3 4 -6 -7 -8 -9 9 -11 -12 -13
leaf_value=-0.019156213455795573 0.0088663142907795811 0.024219896519468806 -0.0025843263126984857 -0.013454779054683095 -0.0052274977862547048 0.016068714763199255 -0.023761735519041396 0.0030591951153254603 -0.0062712596594839678 -0.017231280112401173 -0.0081181526290390951 -0.011852413709606366
leaf_weight=36.659000158309937 79.816895499825478 77.407583996653557 36.127888262271881 36.295428641140461 43.53083536028862 66.581866145133972 40.440765134990215 35.65164365619421 34.104185879230499 61.563568584620953 41.6592100225389 33.589369259774685
leaf_count=639 805 596 553 610 566 514 675 476 606 943 647 549
internal_value=-0.00115816 0.0163193 -0.0109464 -0.00855496 -0.0139427 0.0204507 -0.0188867 -0.00284292 -0.0143148 -0.0129417 -0.00554799 -0.00904061
internal_weight=623.428 223.806 399.622 233.706 120.267 143.989 76.7362 113.439 165.916 129.257 77.7871 67.6936
internal_count=8179 1915 6264 3527 1851 1110 1285 1676 2737 2098 1200 1155
is_linear=0
shrinkage=0.05


Tree=18
num_leaves=11
num_cat=0
split_feature=0 0 0 0 0 0 0 0 0 0
split_gain=31.1187 2.41287 4.44916 1.05008 1.06833 2.54217 1.77893 0.857836 0.262567 0.261638
threshold=22.162026500000003 30.868116500000003 25.433994000000002 9.687850000000001 17.662924500000003 20.000196000000006 16.604183500000001 14.326484500000001 12.830221500000002 5.0579710000000011
decision_type=2 2 2 2 2 2 2 2 2 2
left_child=3 2 -2 9 6 -6 7 8 -5 -1
right_child=1 -3 -4 4 5 -7 -8 -9 -10 -11
leaf_value=-0.011239851405848947 0.0093043435790374895 0.0062442988374395185 0.025787386183614053 -0.0065831936293675704 -0.018605253072932645 -0.0038071808902502787 0.0050537906850153793 -0.012197199206798496 -0.0011801436257052285 -0.016653329965703772
leaf_weight=53.605834491550922 81.497408255934715 65.735711663961411 82.26440241932869 57.326965909451246 57.696976039558649 58.396936483681202 35.30349425971508 57.857601188123226 36.99673156440258 38.242762595415115
leaf_count=945 816 502 624 898 1004 809 473 909 553 670
internal_value=-0.000309459 0.0143363 0.0175845 -0.00880952 -0.00739227 -0.0111616 -0.00505822 -0.00740404 -0.00446395 -0.0134938
internal_weight=624.925 229.498 163.762 395.427 303.579 116.094 187.485 152.181 94.3237 91.8486
internal_count=8203 1942 1440 6261 4646 1813 2833 2360 1451 1615
is_linear=0
shrinkage=0.05


Tree=19
num_leaves=12
num_cat=0
split_feature=0 0 0 0 0 0 0 0 0 0 0
split_gain=28.2217 2.71865 1.39371 1.02114 0.770048 0.695362 0.51958 0.468438 1.01365 0.882264 0.271731
threshold=25.255762500000007 20.837973000000002 22.918439000000003 8.6987120000000022 17.738530500000003 30.868116500000003 19.094936000000001 15.816174000000002 13.611454000000002 11.230260500000002 4.7359205000000006
decision_type=2 2 2 2 2 2 2 2 2 2 2
left_child=1 3 -3 10 7 -2 -6 8 9 -5 -1
right_child=5 2 -4 4 6 -7 -8 -9 -10 -11 -12
leaf_value=-0.010848000482448135 0.021806579174450787 0.0060098518213983938 -0.0050202060098012043 -0.0087985085220245226 -0.015614477064886854 0.015014815238396737 -0.0072571276289122959 -0.0012450680067490867 -0.011781133180015646 0.001446874091810193 -0.016909523967139836
leaf_weight=50.795658867806196 85.572718739509583 60.320494905114174 54.527502663433552 37.935419827699661 33.212331183254719 67.345772936940193 42.263197217136621 58.523398358374834 56.120531648397446 47.103972680866718 29.070426926016808
leaf_count=905 646 709 544 604 581 512 714 821 887 726 540
internal_value=0.000158093 -0.00591388 0.000773004 -0.00807704 -0.00663236 0.0188155 -0.0109347 -0.00500618 -0.0065655 -0.00312351 -0.0130543
internal_weight=622.791 469.873 114.848 355.025 275.159 152.918 75.4755 199.683 141.16 85.0394 79.8661
internal_count=8189 7031 1253 5778 4333 1158 1295 3038 2217 1330 1445
is_linear=0
shrinkage=0.05


Tree=20
num_leaves=13
num_cat=0
split_feature=0 0 0 0 0 0 0 0 0 0 0 0
split_gain=19.8505 2.64026 2.87342 1.93225 1.96336 1.73327 1.62268 2.7149 1.15923 0.488894 0.315058 0.125139
threshold=21.582125500000004 9.687850000000001 18.593614500000005 13.989923500000002 12.511469500000002 20.000196000000006 32.253740000000008 26.587815000000003 15.437714500000002 5.6072785000000005 17.252087000000003 23.994747500000003
decision_type=2 2 2 2 2 2 2 2 2 2 2 2
left_child=1 9 3 4 -3 -4 7 11 -5 -1 -10 -2
right_child=6 2 5 8 -6 -7 -8 -9 10 -11 -12 -13
leaf_value=-0.011097954079327184 0.0078592096921434942 -0.0010024598549436723 -0.021333057277868783 0.010586239979941951 -0.016556929564652899 -0.0059107184859553547 0.0041787366971485721 0.021850923819929022 0.0021785931159459342 -0.018480827380695584 -0.0038422713929800339 0.011069871765796841
leaf_weight=55.910690568387508 67.253985159099102 51.296247012913227 33.098788630217314 33.509033769369125 33.560821689665318 40.522592060267925 58.245466306805611 66.57747295498848 52.44815182313323 37.438697479665279 37.094957731664181 55.306073449552059
leaf_count=1009 702 812 610 540 511 592 439 480 761 667 585 492
internal_value=0.000482658 -0.00677184 -0.0043556 -0.00134971 -0.00715423 -0.0128443 0.011476 0.0137232 0.00265309 -0.0140589 -0.000315666 0.00930804
internal_weight=622.263 374.88 281.531 207.909 84.8571 73.6214 247.383 189.138 123.052 93.3494 89.5431 122.56
internal_count=8200 6087 4411 3209 1323 1202 2113 1674 1886 1676 1346 1194
is_linear=0
shrinkage=0.05


Tree=21
num_leaves=11
num_cat=0
split_feature=0 0 0 0 0 0 0 0 0 0
split_gain=20.7891 2.85568 1.63131 1.12855 3.19011 2.08522 0.790293 0.494458 0.417495 0.575805
threshold=22.162026500000003 28.078908000000002 3.8879710000000007 17.738530500000003 16.604183500000001 20.000196000000006 14.326484500000001 24.577137000000004 12.316377500000002 10.373211000000001
decision_type=2 2 2 2 2 2 2 2 2 2
left_child=2 7 -1 4 6 -5 8 -2 9 -4
right_child=1 -3 3 5 -6 -7 -8 -9 -10 -11
leaf_value=-0.014910890196770433 0.011354923442215023 0.019372466200972896 -0.0018634021496627734 -0.015848218522159282 0.010704711854758365 -0.0022020319952582306 -0.01005455119911694 0.0053043851639692618 0.00084395823192822512 -0.009914184218987758
leaf_weight=43.205854471772909 66.368691846728325 101.58713449537754 56.480277065187693 53.668609626591206 37.635517284274101 58.518065750598907 58.518321018666029 68.737356558442116 44.832687884569168 36.602625105530024
leaf_count=786 656 740 1005 975 509 812 930 555 683 581
internal_value=0.00135234 0.0130389 -0.00575009 -0.004607 -0.00263081 -0.00873019 -0.00518581 0.00827662 -0.00311998 -0.00502918
internal_weight=626.155 236.693 389.462 346.256 234.069 112.187 196.434 135.106 137.916 93.0829
internal_count=8232 1951 6281 5495 3708 1787 3199 1211 2269 1586
is_linear=0
shrinkage=0.05


Tree=22
num_leaves=13
num_cat=0
split_feature=0 0 0 0 0 0 0 0 0 0 0 0
split_gain=30.3292 3.415 2.91766 2.23869 1.6966 0.718903 0.682307 0.607483 1.34306 0.757229 1.11455 0.214646
threshold=22.084194000000004 29.027584000000001 15.672482000000002 17.599433000000005 20.142225500000006 14.326484500000001 25.433994000000002 8.6987120000000022 5.0579710000000011 10.993377000000001 12.830221500000002 18.742945500000001
decision_type=2 2 2 2 2 2 2 2 2 2 2 2
left_child=2 6 5 -4 11 7 -2 8 -1 -9 -11 -5
right_child=1 -3 3 4 -6 -7 -8 9 -10 10 -12 -13
leaf_value=-0.0086852426052172298 0.0076520533636269192 0.022984267148099622 0.0053473767519131299 -0.0093909789776889952 -0.00010947851169136757 -0.018492048544380656 0.014441657572819677 -0.0015996188917211014 -0.022310680806690422 -0.017087006017138261 -0.0044315292555405479 -0.015422289725245043
leaf_weight=51.823643237352371 84.191121757030487 89.267928063869476 58.762934483587742 28.490187585353851 51.676705915480852 30.057449880987406 66.017632588744164 34.644693497568369 27.780775479972363 34.182969275861979 35.428913906216621 30.590910222381353
leaf_count=952 829 648 826 497 719 501 484 559 535 539 537 572
internal_value=0.00127849 0.015239 -0.00744056 -0.00254106 -0.0067263 -0.0113232 0.0106361 -0.0101512 -0.0134403 -0.00763987 -0.010646 -0.0125139
internal_weight=622.916 239.477 383.439 169.521 110.758 213.918 150.209 183.861 79.6044 104.257 69.6119 59.0811
internal_count=8198 1961 6237 2614 1788 3623 1313 3122 1487 1635 1076 1069
is_linear=0
shrinkage=0.05


Tree=23
num_leaves=12
num_cat=0
split_feature=0 0 0 0 0 0 0 0 0 0 0
split_gain=19.4662 1.72383 0.935971 0.767544 1.63609 1.59393 1.31464 1.03641 0.926754 0.628096 0.384999
threshold=20.837973000000002 28.078908000000002 24.577137000000004 13.526646000000001 18.053218500000003 10.480542500000002 19.390810000000005 8.1335605000000015 -0.6337664999999999 15.816174000000002 22.530527000000003
decision_type=2 2 2 2 2 2 2 2 2 2 2
left_child=3 2 10 5 9 7 -6 8 -1 -5 -2
right_child=1 -3 -4 4 6 -7 -8 -9 -10 -11 -12
leaf_value=-0.0037979340307700438 0.0052375761512766985 0.013819407590613784 0.00098669829428663872 -0.0074497284744866488 -0.0207655175836466 -0.018258031624266789 -0.0065541687996556186 0.00013509133373964903 -0.015443226547948764 -0.00024489352963019136 0.011379572914758815
leaf_weight=27.421159189194441 46.423002995550632 103.92490836977959 65.984580688178539 55.297191586345434 31.045663900673389 57.987004518508911 34.199938680976629 28.928994074463844 45.322250559926033 66.78098514303565 56.64777559787035
leaf_count=509 566 737 526 894 587 924 588 483 862 954 551
internal_value=-0.00123711 0.00875176 0.00563649 -0.0090956 -0.00692456 -0.0116428 -0.0133163 -0.00786996 -0.0110534 -0.00350843 0.00861322
internal_weight=619.963 272.98 169.055 346.983 187.324 159.659 65.2456 101.672 72.7434 122.078 103.071
internal_count=8181 2380 1643 5801 3023 2778 1175 1854 1371 1848 1117
is_linear=0
shrinkage=0.05


Tree=24
num_leaves=13
num_cat=0
split_feature=0 0 0 0 0 0 0 0 0 0 0 0
split_gain=15.6304 1.8588 1.57395 2.13536 0.633265 1.49421 0.940934 0.549844 0.594723 0.206174 0.104333 0.0547122
threshold=20.837973000000002 28.078908000000002 8.6987120000000022 -0.6337664999999999 17.662924500000003 16.604183500000001 19.390810000000005 11.924039000000002 13.923890000000002 24.427590000000006 15.343325000000002 22.660547500000003
decision_type=2 2 2 2 2 2 2 2 2 2 2 2
left_child=2 9 3 -1 5 7 -6 -4 -9 11 -10 -2
right_child=1 -3 4 -5 6 -7 -8 8 10 -11 -12 -13
leaf_value=-0.0022892876765513736 0.0058156389830054771 0.013834155063202791 -0.0015827315654160037 -0.019639911729157293 -0.014429372421473505 0.0052302382832758714 -0.0030150402168615596 -0.01265941592010641 -0.0030707540879363745 0.0035039315570508547 -0.0070525348545852342 0.0081533587108375133
leaf_weight=27.597507044672966 49.96516514569521 109.07476553320885 49.11713445931673 49.610742080956697 40.166024658828974 36.824285387992859 32.798084359616041 41.477247126400471 33.682191748172045 73.83425809442997 32.15926568210125 50.150274708867073
leaf_count=514 597 766 804 959 752 486 566 655 548 593 504 484
internal_value=1.70824e-05 0.00871706 -0.00715261 -0.0134381 -0.00532975 -0.00383137 -0.00929852 -0.00596443 -0.00796983 0.00550839 -0.00501559 0.00698666
internal_weight=626.457 283.024 343.432 77.2082 266.224 193.26 72.9641 156.436 107.319 173.95 65.8415 100.115
internal_count=8228 2440 5788 1473 4315 2997 1318 2511 1707 1674 1052 1081
is_linear=0
shrinkage=0.05


Tree=25
num_leaves=14
num_cat=0
split_feature=0 0 0 0 0 0 0 0 0 0 0 0 0
split_gain=13.5791 3.82694 2.92477 2.33549 3.58827 1.79069 1.62585 0.672672 0.371607 0.283619 0.229543 0.0533565 0.0256119
threshold=20.837973000000002 18.219900000000003 8.6987120000000022 33.75190700000001 27.825026500000003 17.097601000000001 4.4171975000000012 12.736850000000002 24.577137000000004 22.530527000000003 14.863094500000001 19.604128000000003 10.993377000000001
decision_type=2 2 2 2 2 2 2 2 2 2 2 2 2
left_child=1 2 6 4 8 7 -1 12 9 -2 -9 -3 -4
right_child=3 11 5 -5 -6 -7 -8 10 -10 -11 -12 -13 -14
leaf_value=-0.0056789859617872368 0.0070534281504188411 -0.015454839044170816 0.0011674006912196098 0.00052909184744916941 0.022603441161346001 0.010915048846293973 -0.020891263517690162 -0.0068624021630242686 0.0050793870749731261 0.012281103354944214 -0.0022597237195921449 -0.01845416448893937 0.0031442521740545435
leaf_weight=46.509074497967958 47.445171475410461 30.74485894665122 33.825567696243525 58.58635425567627 56.807558253407478 32.367084074765444 28.22293209284544 48.112690437585115 64.146930649876595 57.255053862929344 61.989699367433786 28.641277801245451 31.776528332382441
leaf_count=876 574 602 550 420 385 486 566 765 513 549 942 488 520
internal_value=0.0013468 -0.00536253 -0.00293948 0.00942396 0.0117333 0.000107855 -0.011424 -0.00188297 0.00807614 0.00991217 -0.00427101 -0.0169014 0.00212495
internal_weight=626.431 342.19 282.804 284.241 225.655 208.072 74.732 175.704 168.847 104.7 110.102 59.3861 65.6021
internal_count=8236 5795 4705 2441 2021 3263 1442 2777 1636 1123 1707 1090 1070
is_linear=0
shrinkage=0.05


Tree=26
num_leaves=13
num_cat=0
split_feature=0 0 0 0 0 0 0 0 0 0 0 0
split_gain=16.2274 2.32152 2.39798 0.791093 0.651641 1.37623 0.530869 1.79753 0.443095 0.461004 0.30502 0.13656
threshold=21.026541500000004 12.044751500000002 17.738530500000003 19.390810000000005 10.373211000000001 6.5741235000000007 15.672482000000002 14.260119000000001 23.281446500000005 30.374560000000002 0.52550000000000008 25.933462000000002
decision_type=2 2 2 2 2 2 2 2 2 2 2 2
left_child=1 4 6 -4 5 10 7 -3 -2 11 -1 -10
right_child=8 2 3 -5 -6 -7 -8 -9 9 -11 -12 -13
leaf_value=-0.018574310606174517 0.0056724728438886356 0.003058994493928476 -0.016604323873609186 -0.006258186161134916 -0.018999363450283129 -0.003166463373476207 0.0031798580251937957 -0.012212479867632936 0.013824586146594273 0.007219637902476159 -0.011410008886906913 0.01061208711377087
leaf_weight=31.974092848598957 66.659176953136921 49.371876571327448 35.785523820668459 38.197606768459082 29.020665161311626 38.966604832559824 64.461840644478798 31.602644715458155 62.605514995753765 74.831261768937111 27.751066736876965 70.146282985806465
leaf_count=603 731 779 688 653 480 699 907 538 574 530 545 487
internal_value=0.000128413 -0.00705345 -0.00393393 -0.0112626 -0.012413 -0.0104763 -0.000205855 -0.00290114 0.00921912 0.010358 -0.0152454 0.0121271
internal_weight=621.374 347.132 219.419 73.9831 127.712 98.6918 145.436 80.9745 274.242 207.583 59.7252 132.752
internal_count=8214 5892 3565 1341 2327 1847 2224 1317 2322 1591 1148 1061
is_linear=0
shrinkage=0.05


Tree=27
num_leaves=11
num_cat=0
split_feature=0 0 0 0 0 0 0 0 0 0
split_gain=6.91073 0.982715 0.501626 0.751891 1.08229 1.09331 0.983222 0.751201 1.01271 0.287689
threshold=23.281446500000005 28.078908000000002 3.8879710000000007 10.100108000000002 12.135185000000002 14.326484500000001 15.904178000000002 17.178610000000003 18.526329500000003 20.837973000000002
decision_type=2 2 2 2 2 2 2 2 2 2
left_child=2 -2 -1 -4 -5 -6 -7 -8 -9 -10
right_child=1 -3 3 4 5 6 7 8 9 -11
leaf_value=-0.008702108542308875 0.0040884505909311586 0.010926872895391439 0.0027024675370404226 -0.012258970861680563 0.0039347804177414687 -0.011966712742902558 0.0034244189798709104 -0.011533324680806379 -0.0050840643241742743 -0.0002034806808668405
leaf_weight=41.846387058496475 101.6411569789052 108.74184961616993 51.131256632506847 34.012351032346487 49.472406227141619 35.057637941092253 38.135599233210087 37.87848162651062 51.097809992730618 73.806733869016171
leaf_count=805 848 747 962 568 777 600 531 598 960 821
internal_value=0.000248705 0.00762306 -0.00351292 -0.00292697 -0.00382799 -0.0028234 -0.00424026 -0.00289209 -0.00437188 -0.0022001
internal_weight=622.822 210.383 412.439 370.592 319.461 285.449 235.976 200.919 162.783 124.905
internal_count=8217 1595 6622 5817 4855 4287 3510 2910 2379 1781
is_linear=0
shrinkage=0.05


Tree=28
num_leaves=13
num_cat=0
split_feature=0 0 0 0 0 0 0 0 0 0 0 0
split_gain=11.6085 1.14478 0.498353 0.931816 0.668858 0.501271 0.639013 0.4654 0.333677 0.128615 0.107461 0.0517467
threshold=22.162026500000003 28.078908000000002 6.5741235000000007 12.736850000000002 19.254421500000003 17.252087000000003 16.066102000000004 14.611426500000002 20.928263500000003 -0.6337664999999999 10.100108000000002 24.577137000000004
decision_type=2 2 2 2 2 2 2 2 2 2 2 2
left_child=2 11 9 10 5 6 7 -5 -6 -1 -4 -2
right_child=1 -3 3 4 8 -7 -8 -9 -10 -11 -12 -13
leaf_value=-0.0065408999486302622 0.0072810739665234289 0.013284196136512785 0.0028385370530080488 -0.0047018653605345731 0.0016222673348388684 -0.011571581766556774 -0.00011853768590921459 -0.012591362424565641 -0.0050299355917697774 -0.011295435520229574 -0.00087632087468158138 0.0053199802333813205
leaf_weight=26.955299489200115 67.828055933117867 104.48498706519604 33.934671323746443 42.895028937608004 38.271349616348743 49.108380753546953 36.869965612888336 33.129407577216625 37.149523064494133 30.114715326577425 45.662773586809635 66.731652736663818
leaf_count=518 640 714 619 677 677 873 503 566 465 600 760 522
internal_value=0.000751014 0.00935754 -0.00474857 -0.00397427 -0.00554383 -0.00735458 -0.00552022 -0.0081399 -0.00165436 -0.00904977 0.000707429 0.00630852
internal_weight=613.136 239.045 374.091 317.021 237.424 162.003 112.894 76.0244 75.4209 57.07 79.5974 134.56
internal_count=8134 1876 6258 5140 3761 2619 1746 1243 1142 1118 1379 1162
is_linear=0
shrinkage=0.05


Tree=29
num_leaves=12
num_cat=0
split_feature=0 0 0 0 0 0 0 0 0 0 0
split_gain=7.62803 1.04431 0.867772 1.56185 0.698118 1.14458 0.630396 0.48008 0.604541 0.183261 0.137971
threshold=21.097992000000001 28.078908000000002 8.6987120000000022 12.736850000000002 14.160245500000002 18.593614500000005 23.887754000000005 17.097601000000001 16.066102000000004 2.9902095000000002 10.888735000000002
decision_type=2 2 2 2 2 2 2 2 2 2 2
left_child=2 6 9 10 -5 7 -2 8 -6 -1 -4
right_child=1 -3 3 4 5 -7 -8 -9 -10 -11 -12
leaf_value=-0.008618249689489918 0.0056140658442655799 0.0087266323070241767 0.0041736491562895887 -0.013764425107989581 -0.0013818672173455905 -0.01162020494305227 -0.00056452202469556506 0.0015030814315674075 -0.01036618969056121 -0.013591888471352082 -0.00043113061359507108
leaf_weight=38.421513509005308 80.182803243398666 109.62874938547611 32.076628886163235 32.577110521495342 43.28744013980031 56.515102606266737 85.096628047525883 39.85484341531992 32.996299155056477 35.757808215916157 33.004960097372532
leaf_count=750 846 742 525 512 737 1025 689 642 455 726 547
internal_value=-0.0012686 0.00494275 -0.00622533 -0.00491074 -0.00705099 -0.00578427 0.00243293 -0.0029444 -0.00526801 -0.0110158 0.00183842
internal_weight=619.4 274.908 344.492 270.312 205.231 172.654 165.279 116.139 76.2837 74.1793 65.0816
internal_count=8196 2277 5919 4443 3371 2859 1535 1834 1192 1476 1072
is_linear=0
shrinkage=0.05


Tree=30
num_leaves=12
num_cat=0
split_feature=0 0 0 0 0 0 0 0 0 0 0
split_gain=8.41331 1.49894 1.29914 1.71288 1.85186 0.635947 0.627645 1.05969 0.843744 0.341972 0.206424
threshold=20.759429500000007 32.253740000000008 0.52550000000000008 7.5420310000000006 11.230260500000002 26.587815000000003 18.593614500000005 16.604183500000001 13.051215500000003 22.918439000000003 15.035677500000002
decision_type=2 2 2 2 2 2 2 2 2 2 2
left_child=2 5 -1 -4 -5 9 7 8 -6 -2 -10
right_child=1 -3 3 4 6 -7 -8 -9 10 -11 -12
leaf_value=-0.014688563484180912 0.010030087036680053 0.00048167645208300959 0.0070921115638138401 -0.013922759151192116 0.0024301198780793719 0.012964096711359766 -0.0081777713705671953 0.0040585503896090917 -0.0093533017874956655 0.0052013330339325571 -0.004347988876060741
leaf_weight=28.824207834899426 64.005215883255005 64.755160793662071 33.430143892765045 46.974708519876003 33.079419821500778 72.656117781996727 45.788109786808491 55.982356309890747 44.136356364935637 85.839391387999058 38.625162020325661
leaf_count=565 732 451 681 817 542 484 881 844 719 755 630
internal_value=0.000934125 0.00717677 -0.00455245 -0.00357209 -0.0049195 0.00912527 -0.00297601 -0.00158982 -0.0043195 0.00726391 -0.0070173
internal_weight=614.096 287.256 326.84 298.016 264.586 222.501 217.611 171.823 115.841 149.845 82.7615
internal_count=8101 2422 5679 5114 4433 1971 3616 2735 1891 1487 1349
is_linear=0
shrinkage=0.05


Tree=31
num_leaves=12
num_cat=0
split_feature=0 0 0 0 0 0 0 0 0 0 0
split_gain=9.9088 2.0294 2.62828 1.27715 0.748513 0.54475 0.297277 0.637898 1.28058 0.216727 0.373948
threshold=22.084194000000004 27.825026500000003 24.577137000000004 13.923890000000002 20.397712500000001 18.442444500000004 11.924039000000002 8.6987120000000022 -0.6337664999999999 17.252087000000003 15.672482000000002
decision_type=2 2 2 2 2 2 2 2 2 2 2
left_child=3 2 -2 6 5 9 7 8 -1 10 -5
right_child=1 -3 -4 4 -6 -7 -8 -9 -10 -11 -12
leaf_value=-0.0027194898648482241 0.0088771886144204289 0.011287942014396828 -0.0051152351666649476 -0.0063683555372920399 -0.0096467058182847926 0.0025336483517437907 -0.013510691673550321 -0.0041772073062873189 -0.016627708526654687 -0.00754324439074186 0.00021120642404518668
leaf_weight=25.943552017211914 70.675380252301693 114.53694835305214 63.906158164143562 39.379719242453575 44.620840661227703 42.437338724732399 41.204138740897179 48.735965602099895 45.709800153970718 32.515201214700937 47.817493632435799
leaf_count=512 663 770 501 674 603 841 665 814 934 524 682
internal_value=-0.00130589 0.00639611 0.00223287 -0.00651463 -0.00391196 -0.00233385 -0.00984495 -0.00859032 -0.011592 -0.00405935 -0.00276023
internal_weight=617.483 249.118 134.582 368.364 206.771 162.15 161.593 120.389 71.6534 119.712 87.1972
internal_count=8183 1934 1164 6249 3324 2721 2925 2260 1446 1880 1356
is_linear=0
shrinkage=0.05


Tree=32
num_leaves=12
num_cat=0
split_feature=0 0 0 0 0 0 0 0 0 0 0
split_gain=8.85942 0.762382 0.602319 0.929695 0.438686 0.385546 0.331601 1.21872 0.591172 0.444021 0.186612
threshold=25.433994000000002 22.162026500000003 18.593614500000005 14.863094500000001 29.964519000000003 20.067475000000005 8.6987120000000022 -0.6337664999999999 13.051215500000003 11.230260500000002 17.097601000000001
decision_type=2 2 2 2 2 2 2 2 2 2 2
left_child=1 2 3 6 -2 -4 7 -1 9 -8 -5
right_child=4 -3 5 10 -6 -7 8 -9 -10 -11 -12
leaf_value=0.00059388868572819991 0.012485066679475253 0.00062824109577681094 -0.012689862876957718 -0.0013587054858683809 0.0073639742796889722 -0.0057460835136054263 -0.0048957070164842801 -0.01303828807571817 -0.0086546975172254233 0.0030373086796648286 0.0030475047052517228
leaf_weight=25.274042040109634 80.474683955311775 85.913799077272415 31.228126101195812 61.002510998398066 87.058082327246666 55.551819406449795 37.098970450460911 46.668272346258163 41.265317320823669 33.626334477216005 39.647299461066723
leaf_count=500 555 799 641 945 591 774 621 968 680 555 638
internal_value=-1.25489e-05 -0.00361634 -0.00459831 -0.00348635 0.0098239 -0.00824483 -0.00560039 -0.00824917 -0.00389882 -0.00112396 0.000376959
internal_weight=624.809 457.276 371.363 284.583 167.533 86.7799 183.933 71.9423 111.991 70.7253 100.65
internal_count=8267 7121 6322 4907 1146 1415 3324 1468 1856 1176 1583
is_linear=0
shrinkage=0.05


Tree=33
num_leaves=12
num_cat=0
split_feature=0 0 0 0 0 0 0 0 0 0 0
split_gain=12.3854 1.20886 0.813238 0.751292 1.00081 0.573758 1.41626 1.13607 0.720733 1.15002 0.130746
threshold=22.162026500000003 9.687850000000001 5.0579710000000011 28.732408000000003 25.603869000000007 16.210168500000005 13.989923500000002 11.924039000000002 19.390810000000005 17.810688000000003 20.928263500000003
decision_type=2 2 2 2 2 2 2 2 2 2 2
left_child=1 2 -1 4 -2 6 7 -3 9 -7 -10
right_child=3 5 -4 -5 -6 8 -8 -9 10 -11 -12
leaf_value=-0.0076060986400865449 0.0088513806367150668 -0.00025113111268837901 -0.017507203069549965 0.011051551462865508 0.00060306203128433853 -0.0055078398091284245 0.003877218425132084 -0.012500145117546503 -0.0012753407062230521 -0.017378669021418228 -0.0055617309571429456
leaf_weight=47.589478000998497 90.189775757491589 34.833030711859465 36.757965736091137 100.87688834965229 62.096123948693275 51.248104598373175 50.64709859713912 41.461626373231411 35.623025521636009 33.897561080753803 35.538593791425228
leaf_count=953 830 591 729 673 433 711 859 678 637 684 447
internal_value=-0.000805472 -0.00666655 -0.0119209 0.00770492 0.00548804 -0.00510188 -0.00260477 -0.00690774 -0.00712986 -0.0102338 -0.00341599
internal_weight=620.759 367.596 84.3474 253.163 152.286 283.249 126.942 76.2947 156.307 85.1457 71.1616
internal_count=8225 6289 1682 1936 1263 4607 2128 1269 2479 1395 1084
is_linear=0
shrinkage=0.05


Tree=34
num_leaves=12
num_cat=0
split_feature=0 0 0 0 0 0 0 0 0 0 0
split_gain=5.91693 1.0909 0.784954 0.611219 0.885793 1.3694 1.07676 0.526616 0.504522 0.448966 0.108276
threshold=28.078908000000002 8.6987120000000022 2.9902095000000002 22.162026500000003 15.437714500000002 17.097601000000001 20.397712500000001 13.923890000000002 10.888735000000002 18.526329500000003 24.577137000000004
decision_type=2 2 2 2 2 2 2 2 2 2 2
left_child=1 2 -1 4 7 -6 9 8 -3 -7 -5
right_child=-2 3 -4 10 5 6 -8 -9 -10 -11 -12
leaf_value=-0.0033013225221676006 0.010192369153665804 0.0033209884310079624 -0.013900018649393699 0.0023656998619977191 -0.012686038772312579 -0.0028238116548609023 -0.0084710392575368405 0.0056539069888850583 -0.0045384998480526425 0.0048451261625246612 -0.00035808647767649604
leaf_weight=36.392309222370386 110.10531087219715 31.727676905691624 33.597138397395611 71.462590463459492 46.008897818624973 37.337054055184126 47.825916059315205 33.048120964318514 57.286657016724348 39.039192315191031 74.546900629997253
leaf_count=734 725 531 718 656 684 600 647 565 958 788 572
internal_value=-0.000316006 -0.0025924 -0.00838903 -0.00166673 -0.00298647 -0.00531745 -0.00258786 0.000263986 -0.00173712 0.00109611 0.000975038
internal_weight=618.378 508.272 69.9894 438.283 292.274 170.211 124.202 122.062 89.0143 76.3762 146.009
internal_count=8178 7453 1452 6001 4773 2719 2035 2054 1489 1388 1228
is_linear=0
shrinkage=0.05


Tree=35
num_leaves=13
num_cat=0
split_feature=0 0 0 0 0 0 0 0 0 0 0 0
split_gain=8.46259 2.53912 2.25517 0.902671 2.21851 2.29308 1.66118 0.629223 0.313926 0.60472 0.286244 0.132364
threshold=23.281446500000005 30.868116500000003 8.6987120000000022 17.599433000000005 20.000196000000006 21.675781000000004 15.672482000000002 26.587815000000003 13.989923500000002 11.924039000000002 4.7359205000000006 18.742945500000001
decision_type=2 2 2 2 2 2 2 2 2 2 2 2
left_child=2 7 10 6 11 -6 8 -2 9 -4 -1 -5
right_child=1 -3 3 4 5 -7 -8 -9 -10 -11 -12 -13
leaf_value=-0.010322935982173303 0.008532990848388709 0.00027510818397139393 -0.0014297739309074129 -0.011535682398970877 0.0073724901475572188 -0.0084460971617212281 0.006496847724071577 0.015206555600362257 0.00020108275825937656 -0.0095736023971261103 -0.016973305349736931 -0.016598249797695554
leaf_weight=44.783424939960241 76.747518174350262 75.835424497723579 48.121071219444275 25.316978447139263 42.392700899392366 49.849889442324638 57.697182007133961 65.435100302100182 36.43375825881958 43.311414584517479 25.333122152835131 26.348552796989679
leaf_count=907 662 512 812 477 635 493 821 423 628 719 559 552
internal_value=-0.000260118 0.00766355 -0.00458332 -0.0028505 -0.00582237 -0.00117622 -0.000545757 0.0116043 -0.0037236 -0.00528749 -0.0127257 -0.0141175
internal_weight=617.606 218.018 399.588 329.472 143.908 92.2426 185.563 142.183 127.866 91.4325 70.1165 51.6655
internal_count=8200 1597 6603 5137 2157 1128 2980 1085 2159 1531 1466 1029
is_linear=0
shrinkage=0.05


Tree=36
num_leaves=11
num_cat=0
split_feature=0 0 0 0 0 0 0 0 0 0
split_gain=6.47331 1.1907 2.73134 1.55022 1.15259 0.853905 1.72804 0.803397 1.23376 0.442789
threshold=20.837973000000002 17.599433000000005 15.672482000000002 19.390810000000005 14.326484500000001 9.687850000000001 5.0579710000000011 23.404299500000004 26.797944500000003 12.932435000000003
decision_type=2 2 2 2 2 2 2 2 2 2
left_child=1 2 4 -3 5 6 -1 -2 -9 -7
right_child=7 3 -4 -5 -6 9 -8 8 -10 -11
leaf_value=-0.0015094256479320908 0.001194799416637392 -0.017012355137035331 0.0064714360633304465 -0.0022247840029484432 -0.015060046445348583 0.0019107372410487309 -0.01619679439262919 0.012195632163446619 0.0043249902931249765 -0.0055376883859329096
leaf_weight=45.88808410987258 74.421955615282059 39.108212552964687 58.524363920092583 32.411161333322525 28.873738795518875 55.162066772580147 35.534403759986162 78.857003919780254 135.08409656584263 31.260323297232389
leaf_count=938 817 786 829 590 517 931 729 666 890 510
internal_value=0.000209414 -0.00460901 -0.00301133 -0.0103109 -0.00583248 -0.0042451 -0.00791929 0.00566948 0.00722605 -0.000783474
internal_weight=615.125 326.762 255.243 71.5194 196.719 167.845 81.4225 288.363 213.941 86.4224
internal_count=8203 5830 4454 1376 3625 3108 1667 2373 1556 1441
is_linear=0
shrinkage=0.05


Tree=37
num_leaves=12
num_cat=0
split_feature=0 0 0 0 0 0 0 0 0 0 0
split_gain=4.73501 0.836612 2.14916 0.676482 0.748285 0.69721 2.01538 0.530368 0.550855 0.475437 0.459416
threshold=20.759429500000007 28.732408000000003 25.749794500000004 0.52550000000000008 18.593614500000005 12.511469500000002 9.0639065000000016 15.437714500000002 16.890752000000003 13.989923500000002 22.918439000000003
decision_type=2 2 2 2 2 2 2 2 2 2 2
left_child=3 2 10 -1 5 6 -5 9 -9 -7 -2
right_child=1 -3 -4 4 -6 7 -8 8 -10 -11 -12
leaf_value=-0.010474723977096905 0.01028531449264267 0.0093227546079509109 -0.0043705549630506536 0.0033517501180869071 -0.0083316480357355956 -3.7540625231767838e-05 -0.010924471641099484 -0.0060138883518172596 0.0020009606032200841 0.0086931889358684827 0.004451176412283926
leaf_weight=28.396003991365433 63.012563057243824 102.06643490493298 57.542331412434578 44.677579250186682 44.924612160772085 30.929635416716337 55.345164477825165 39.715041790157557 46.584168557077646 31.447021555155516 72.646398924291134
leaf_count=578 726 667 395 958 895 521 933 607 738 543 647
internal_value=0.00108782 0.00566101 0.00372655 -0.00310547 -0.00239279 -0.00132001 -0.00454765 0.000851416 -0.00168749 0.00436403 0.00716109
internal_weight=617.287 295.268 193.201 322.019 293.623 248.699 100.023 148.676 86.2992 62.3767 135.659
internal_count=8208 2435 1768 5773 5195 4300 1891 2409 1345 1064 1373
is_linear=0
shrinkage=0.05


Tree=38
num_leaves=13
num_cat=0
split_feature=0 0 0 0 0 0 0 0 0 0 0 0
split_gain=5.78981 0.92334 2.40596 1.10758 0.518684 0.421774 2.25816 0.953478 0.442089 0.234168 0.443421 0.0227362
threshold=22.162026500000003 18.593614500000005 17.097601000000001 20.837973000000002 25.433994000000002 12.135185000000002 10.480542500000002 14.326484500000001 15.904178000000002 -0.6337664999999999 8.1335605000000015 30.374560000000002
decision_type=2 2 2 2 2 2 2 2 2 2 2 2
left_child=1 2 5 -3 -2 6 9 -7 -9 -1 -11 -6
right_child=4 3 -4 -5 11 7 -8 8 -10 10 -12 -13
leaf_value=-0.0003983280841632419 0.0010034227787601797 -0.015446466436623917 0.007106768261201356 -0.0039868396338491284 0.005159584396708378 0.0014783535905336887 -0.020819536273064078 -0.011741365251878128 -0.0038363221144529936 -0.0094868169215839362 -0.001250267692887044 0.0063243337170386695
leaf_weight=24.841518238186836 88.520841218531132 46.748151730746031 39.467958986759186 38.408750981092453 84.856845796108246 46.392435695976019 27.735361959785223 34.985062278807163 35.769463859498501 39.48117534071207 27.879222773015499 82.7608772367239
leaf_count=506 807 925 641 487 567 763 482 622 509 859 492 550
internal_value=-0.00165223 -0.00572528 -0.00432346 -0.0102778 0.00409957 -0.00622627 -0.00831051 -0.00409239 -0.00774503 -0.00454765 -0.00607786 0.00573468
internal_weight=617.848 361.709 276.552 85.1569 256.139 237.084 119.937 117.147 70.7545 92.2019 67.3604 167.618
internal_count=8210 6286 4874 1412 1924 4233 2339 1894 1131 1857 1351 1117
is_linear=0
shrinkage=0.05


Tree=39
num_leaves=12
num_cat=0
split_feature=0 0 0 0 0 0 0 0 0 0 0
split_gain=5.13588 1.75865 2.08658 1.78934 1.38064 1.30675 0.741001 0.464165 0.408805 0.140607 0.0596733
threshold=22.162026500000003 11.230260500000002 14.611426500000002 16.604183500000001 20.397712500000001 2.9902095000000002 25.433994000000002 18.442444500000004 30.868116500000003 9.0639065000000016 13.227381500000002
decision_type=2 2 2 2 2 2 2 2 2 2 2
left_child=1 5 10 -4 7 -1 -2 -5 -8 -7 -3
right_child=6 2 3 4 -6 9 8 -9 -10 -11 -12
leaf_value=-0.0014717551704403571 0.0017218352864372456 0.004724503661323101 -0.012473240268026963 -0.00087806560656018069 -0.00831885317160873 -0.011208350577018206 0.0096440246045547059 0.0062195293833005143 0.0047103795624827451 -0.015757254251706678 0.0077518701550066032
leaf_weight=35.141323082149029 87.438627816736698 35.295004785060883 48.876056376844645 54.53710688278079 47.668714042752981 36.254516288638115 91.923903182148933 39.8789550550282 77.291424557566643 31.96579559892416 30.210046410560608
leaf_count=725 797 599 828 814 646 785 608 829 515 552 498
internal_value=5.55774e-05 -0.00379871 -0.00157961 -0.00422103 -0.00138233 -0.00930486 0.00545927 0.00211978 0.00739051 -0.0133398 0.00612068
internal_weight=616.481 359.828 256.466 190.961 142.085 103.362 256.654 94.4161 169.215 68.2203 65.5051
internal_count=8196 6276 4214 3117 2289 2062 1920 1643 1123 1337 1097
is_linear=0
shrinkage=0.05


Tree=40
num_leaves=14
num_cat=0
split_feature=0 0 0 0 0 0 0 0 0 0 0 0 0
split_gain=2.73902 1.09814 3.69752 1.43152 0.996581 2.27988 0.702433 2.17072 0.923318 0.502517 0.185691 0.104569 0.000871142
threshold=16.604183500000001 35.855054500000008 29.027584000000001 26.115392000000003 6.5741235000000007 12.736850000000002 18.593614500000005 21.026541500000004 22.918439000000003 10.100108000000002 0.52550000000000008 14.863094500000001 19.841729000000004
decision_type=2 2 2 2 2 2 2 2 2 2 2 2 2
left_child=4 2 3 6 10 9 -2 12 -9 -6 -1 -7 -8
right_child=1 -3 -4 -5 5 11 7 8 -10 -11 -12 -13 -14
leaf_value=-0.0139139791121088 0.0069854641727008157 -0.0054267630596990125 0.014936525946538241 -0.0069049643127628013 0.0079345341456626747 -0.010343535030789682 -0.0079176057618891831 0.0087792843487985422 0.00054497230715894326 -0.00034429910915479388 -0.0080550076070722825 -0.0068951943472204819 -0.008329603994468247
leaf_weight=28.361086666584015 57.407870449125767 47.52151894569397 52.352022603154182 53.149598434567451 31.222067292779684 47.584484595805407 25.790829453617334 57.270014010369778 83.942908279597759 44.389291808009148 25.849150516092777 40.865055829286575 25.531827550381422
leaf_count=584 873 318 330 353 615 797 569 635 728 769 563 693 437
internal_value=-0.000731744 0.0017117 0.00266608 0.000546661 -0.00524277 -0.00330069 0.00213122 0.000683846 0.00388446 0.00307427 -0.0111202 -0.00875035 -0.00812257
internal_weight=621.238 402.967 355.445 303.093 218.271 164.061 249.943 192.536 141.213 75.6114 54.2102 88.4495 51.3227
internal_count=8264 4243 3925 3595 4021 2874 3242 2369 1363 1384 1147 1490 1006
is_linear=0
shrinkage=0.05


Tree=41
num_leaves=15
num_cat=0
split_feature=0 0 0 0 0 0 0 0 0 0 0 0 0 0
split_gain=3.52393 2.4485 1.81144 1.63274 1.26899 0.486719 1.06139 0.888103 1.68507 0.552554 1.2787 0.242941 0.178254 0.0447924
threshold=25.433994000000002 3.8879710000000007 23.533421000000004 22.530527000000003 30.374560000000002 21.415477500000005 18.526329500000003 14.611426500000002 13.316450000000001 9.0639065000000016 11.230260500000002 17.097601000000001 20.227638000000002 16.066102000000004
decision_type=2 2 2 2 2 2 2 2 2 2 2 2 2 2
left_child=1 -1 3 5 -2 6 7 8 9 -3 -11 13 -8 -9
right_child=4 2 -4 -5 -6 -7 12 11 -10 10 -12 -13 -14 -15
leaf_value=-0.014735716318249888 0.010114780172009046 0.0027407526526099495 -0.0110334928004827 0.010501997393757234 0.0014128235205261312 -0.0072386355781540379 0.0074130032999618935 -0.0089752857176038561 0.010932248633982809 -0.012744360201093081 0.00090134330048829709 -0.0026457721666801829 0.0021447770805004414 -0.0063322943842797179
leaf_weight=38.2453558370471 85.791188284754753 32.552007608115673 44.407470472157001 31.719627425074577 81.880552932620049 31.957139171659946 34.138175584375858 32.82785102725029 29.493068486452103 30.855859659612179 38.700181253254414 38.141432482749224 30.314691722393036 31.330000225454569
leaf_count=801 569 713 404 286 540 355 725 592 486 539 656 609 457 442
internal_value=-0.000311714 -0.00264081 -0.00150269 -0.000333616 0.00586528 -0.00137416 -0.000746003 -0.00231148 0.000404909 -0.00263583 -0.00515205 -0.00580594 0.00493515 -0.00768464
internal_weight=612.355 444.683 406.438 362.03 167.672 330.31 298.353 233.9 131.601 102.108 69.556 102.299 64.4529 64.1579
internal_count=8174 7065 6264 5860 1109 5574 5219 4037 2394 1908 1195 1643 1182 1034
is_linear=0
shrinkage=0.05


Tree=42
num_leaves=13
num_cat=0
split_feature=0 0 0 0 0 0 0 0 0 0 0 0
split_gain=2.99227 1.28363 2.87065 0.925537 1.08828 0.710423 0.63429 0.640568 0.496919 0.379758 0.660249 0.116046
threshold=22.162026500000003 17.599433000000005 19.254421500000003 12.044751500000002 10.100108000000002 14.326484500000001 24.577137000000004 28.078908000000002 16.604183500000001 -0.6337664999999999 6.5741235000000007 21.097992000000001
decision_type=2 2 2 2 2 2 2 2 2 2 2 2
left_child=1 3 -3 4 9 -5 -2 -8 -7 -1 -11 -4
right_child=6 2 11 5 -6 8 7 -9 -10 10 -12 -13
leaf_value=0.0029669403371607333 0.0073968262611764941 -0.020343421556842215 -0.00098847944439533434 0.0057735745424536281 -0.013254425886416996 -0.0047696270272089723 -0.0018080631388774735 0.0041293785088778552 0.0029974015543296892 -0.0099217502691674592 0.00059177701905571765 -0.0049988320201818284
leaf_weight=25.173088405281305 69.601082734763622 33.892882116138935 41.170470543205738 49.764293435961008 30.053255379199982 52.549723420292139 74.296809487044811 116.9018050134182 33.862720869481564 28.182847827672958 31.763578176498413 32.10569978505373
leaf_count=527 629 686 744 815 535 913 559 747 440 623 623 401
internal_value=-0.000764972 -0.0037292 -0.00831102 -0.00177562 -0.00507479 0.00101468 0.00330992 0.00182218 -0.00172594 -0.0021868 -0.00435099 -0.0027456
internal_weight=619.318 358.519 107.169 251.35 115.173 136.177 260.8 191.199 86.4124 85.1195 59.9464 73.2762
internal_count=8242 6307 1831 4476 2308 2168 1935 1306 1353 1773 1246 1145
is_linear=0
shrinkage=0.05


Tree=43
num_leaves=13
num_cat=0
split_feature=0 0 0 0 0 0 0 0 0 0 0 0
split_gain=4.23236 2.31302 1.28812 1.05096 2.25276 1.24482 0.981166 2.45071 1.26532 1.86971 0.651956 0.217626
threshold=28.078908000000002 3.8879710000000007 26.115392000000003 20.837973000000002 17.472624500000006 22.753163000000004 16.604183500000001 15.437714500000002 13.989923500000002 12.627803000000002 19.390810000000005 9.687850000000001
decision_type=2 2 2 2 2 2 2 2 2 2 2 2
left_child=1 -1 3 4 6 -5 7 8 9 11 -6 -3
right_child=-2 2 -4 5 10 -7 -8 -9 -10 -11 -12 -13
leaf_value=-0.013817154211533603 0.0088013657538640756 0.0005465982182242152 -0.010015281785795164 0.0094502749460959913 -0.013494442934975795 -0.00022959244886175617 0.0092007399137992701 -0.014171810859686239 0.011235541053438661 -0.011468219950450888 -0.0039790588780642035 0.0055357199710378661
leaf_weight=37.379753280431032 114.78051972389221 40.401637639850378 35.555222824215889 53.137596189975739 41.849695365875959 88.576821990311146 29.767304636538029 28.00400972366333 29.450724113732576 28.606846254318953 31.589354518800974 47.620648983865976
leaf_count=794 732 856 246 620 833 769 384 467 516 478 589 831
internal_value=0.000155886 -0.0018613 -0.000878134 -0.000102789 -0.00189295 0.0034 0.000812048 -0.000622368 0.00197511 -0.000363302 -0.00940146 0.00324575
internal_weight=606.72 491.94 454.56 419.005 277.29 141.714 203.851 174.084 146.08 116.629 73.439 88.0223
internal_count=8115 7383 6589 6343 4954 1389 3532 3148 2681 2165 1422 1687
is_linear=0
shrinkage=0.05


Tree=44
num_leaves=13
num_cat=0
split_feature=0 0 0 0 0 0 0 0 0 0 0 0
split_gain=3.65767 1.85916 1.0718 0.644765 0.608659 0.87048 0.610499 0.451029 0.342019 0.730648 0.224012 0.108275
threshold=22.084194000000004 10.100108000000002 20.397712500000001 28.362865000000003 12.316377500000002 14.326484500000001 15.816174000000002 6.5741235000000007 16.946222500000005 18.526329500000003 24.577137000000004 -0.6337664999999999
decision_type=2 2 2 2 2 2 2 2 2 2 2 2
left_child=1 7 4 10 -3 -6 -7 11 -8 -10 -2 -1
right_child=3 2 -4 -5 5 6 8 -9 9 -11 -12 -13
leaf_value=0.0044068933418638049 0.0060539912959319446 -0.0081666309095219918 -0.010832860593588331 0.0090900792592553525 0.0049948284171466208 -0.009118653096464582 0.0031422314676264255 0.0095245227041113375 -0.0075476105243618601 0.0019849622406238974 0.0021472559115243749 -0.00015278810920622528
leaf_weight=24.55006293207407 71.083608701825142 36.631786234676838 43.623583484441042 110.71515253186226 44.433295957744122 31.85985092818737 31.503837630152702 32.018440153449774 42.155255038291216 38.423443261533976 75.842300899326801 27.721109807491302
leaf_count=519 644 648 600 704 726 587 467 626 673 811 567 622
internal_value=0.00167927 -0.00162729 -0.00366011 0.00620864 -0.00226948 -0.00112272 -0.00301113 0.0048513 -0.00127504 -0.00300206 0.00403736 0.00198875
internal_weight=610.562 352.921 268.631 257.641 225.007 188.376 143.942 84.2896 112.083 80.5787 146.926 52.2712
internal_count=8194 6279 4512 1915 3912 3264 2538 1767 1951 1484 1211 1141
is_linear=0
shrinkage=0.05


Tree=45
num_leaves=13
num_cat=0
split_feature=0 0 0 0 0 0 0 0 0 0 0 0
split_gain=4.68367 1.56174 2.98986 0.66832 1.40526 0.238871 0.753925 0.399637 0.919326 0.475226 0.218999 0.039844
threshold=20.000196000000006 17.662924500000003 16.604183500000001 32.253740000000008 25.433994000000002 1.6275585000000004 7.5420310000000006 11.230260500000002 13.051215500000003 15.035677500000002 22.918439000000003 21.582125500000004
decision_type=2 2 2 2 2 2 2 2 2 2 2 2
left_child=1 2 5 4 10 -1 -7 -8 -9 -10 11 -2
right_child=3 -3 -4 -5 -6 6 7 8 9 -11 -12 -13
leaf_value=-0.010087586085564908 0.0021142305181267142 -0.013541753468049767 0.0095546103893734326 -0.00089159061325565713 0.0090974437962561151 0.0022698449748056811 -0.01073316661772148 0.0020530903361818944 -0.011502361893384301 -0.003791149974838768 -0.00068293604695683185 0.0043285329586945807
leaf_weight=29.410588223487139 40.197827152907848 47.313982557505369 36.661294966936111 67.645822808146477 105.55914606153965 28.312079224735498 42.514701530337334 32.482152290642262 42.954779703170061 37.355533130466938 63.65947250276804 41.073863409459591
leaf_count=629 617 1001 482 445 687 631 792 551 725 646 577 413
internal_value=-0.00069719 -0.00521263 -0.00363435 0.00351833 0.00470924 -0.00590409 -0.00523402 -0.00660195 -0.00504478 -0.00791557 0.00151314 0.00323332
internal_weight=615.141 297.005 249.691 318.136 250.49 213.03 183.619 155.307 112.792 80.3103 144.931 81.2717
internal_count=8196 5457 4456 2739 2294 3974 3345 2714 1922 1371 1607 1030
is_linear=0
shrinkage=0.05


Tree=46
num_leaves=12
num_cat=0
split_feature=0 0 0 0 0 0 0 0 0 0 0
split_gain=4.11851 1.01867 0.671673 0.746357 0.471938 0.537544 0.783722 0.446454 0.410725 0.263568 0.048308
threshold=15.672482000000002 24.427590000000006 21.675781000000004 19.390810000000005 14.326484500000001 11.499502000000001 9.0639065000000016 16.815687000000004 2.5381705000000006 29.597403500000002 17.896497500000006
decision_type=2 2 2 2 2 2 2 2 2 2 2
left_child=4 2 3 7 5 6 8 -2 -1 -3 -9
right_child=1 9 -4 -5 -6 -7 -8 10 -10 -11 -12
leaf_value=-0.0077892551053885947 0.0051024555400379177 0.0076750332503740084 -0.0027127849492445087 0.0075887814779074638 -0.011665379198425564 -0.00075254886130421514 -0.013043150399612628 -0.00092363912713529684 -0.00015827641508046241 0.0039979414790674147 -0.0037149900792342373
leaf_weight=33.501575510948896 31.40301051363349 98.91793791949749 81.037959150969982 54.694538503885269 27.831180196255445 57.862025883048773 33.642876718193293 33.71325970441103 37.227426938712597 96.056577324867249 28.690797299146652
leaf_count=723 485 712 763 896 524 958 602 472 818 615 635
internal_value=0.000467152 0.00320593 0.000948568 0.00294658 -0.00564995 -0.00461801 -0.00676096 0.000239935 -0.00377277 0.00586347 -0.00220699
internal_weight=614.579 424.514 229.54 148.502 190.065 162.234 104.372 93.8071 70.729 194.975 62.4041
internal_count=8203 4578 3251 2488 3625 3101 2143 1592 1541 1327 1107
is_linear=0
shrinkage=0.05


end of trees

feature_importances:
Column_0=537

parameters:
[boosting: gbdt]
[objective: binary]
[metric: binary_logloss]
[tree_learner: serial]
[device_type: cpu]
[data_sample_strategy: bagging]
[data: ]
[valid: ]
[num_iterations: 47]
[learning_rate: 0.05]
[num_leaves: 31]
[num_threads: 0]
[seed: 42]
[deterministic: 0]
[force_col_wise: 0]
[force_row_wise: 0]
[histogram_pool_size: -1]
[max_depth: -1]
[min_data_in_leaf: 500]
[min_sum_hessian_in_leaf: 0.001]
[bagging_fraction: 0.8]
[pos_bagging_fraction: 1]
[neg_bagging_fraction: 1]
[bagging_freq: 1]
[bagging_seed: 400]
[bagging_by_query: 0]
[feature_fraction: 1]
[feature_fraction_bynode: 1]
[feature_fraction_seed: 30056]
[extra_trees: 0]
[extra_seed: 12879]
[early_stopping_round: 0]
[early_stopping_min_delta: 0]
[first_metric_only: 0]
[max_delta_step: 0]
[lambda_l1: 0]
[lambda_l2: 0]
[linear_lambda: 0]
[min_gain_to_split: 0]
[drop_rate: 0.1]
[max_drop: 50]
[skip_drop: 0.5]
[xgboost_dart_mode: 0]
[uniform_drop: 0]
[drop_seed: 17869]
[top_rate: 0.2]
[other_rate: 0.1]
[min_data_per_group: 100]
[max_cat_threshold: 32]
[cat_l2: 10]
[cat_smooth: 10]
[max_cat_to_onehot: 4]
[top_k: 20]
[monotone_constraints: 0]
[monotone_constraints_method: basic]
[monotone_penalty: 0]
[feature_contri: ]
[forcedsplits_filename: ]
[refit_decay_rate: 0.9]
[cegb_tradeoff: 1]
[cegb_penalty_split: 0]
[cegb_penalty_feature_lazy: ]
[cegb_penalty_feature_coupled: ]
[path_smooth: 0]
[interaction_constraints: ]
[verbosity: -1]
[saved_feature_importance_type: 0]
[use_quantized_grad: 0]
[num_grad_quant_bins: 4]
[quant_train_renew_leaf: 0]
[stochastic_rounding: 1]
[linear_tree: 0]
[max_bin: 255]
[max_bin_by_feature: ]
[min_data_in_bin: 3]
[bin_construct_sample_cnt: 200000]
[data_random_seed: 175]
[is_enable_sparse: 1]
[enable_bundle: 1]
[use_missing: 1]
[zero_as_missing: 0]
[feature_pre_filter: 1]
[pre_partition: 0]
[two_round: 0]
[header: 0]
[label_column: ]
[weight_column: ]
[group_column: ]
[ignore_column: ]
[categorical_feature: ]
[forcedbins_filename: ]
[precise_float_parser: 0]
[parser_config_file: ]
[objective_seed: 16083]
[num_class: 1]
[is_unbalance: 0]
[scale_pos_weight: 1]
[sigmoid: 1]
[boost_from_average: 1]
[reg_sqrt: 0]
[alpha: 0.9]
[fair_c: 1]
[poisson_max_delta_step: 0.7]
[tweedie_variance_power: 1.5]
[lambdarank_truncation_level: 30]
[lambdarank_norm: 1]
[label_gain: ]
[lambdarank_position_bias_regularization: 0]
[eval_at: ]
[multi_error_top_k: 1]
[auc_mu_weights: ]
[num_machines: 1]
[local_listen_port: 12400]
[time_out: 120]
[machine_list_filename: ]
[machines: ]
[gpu_platform_id: -1]
[gpu_device_id: -1]
[gpu_use_dp: 0]
[num_gpu: 1]

end of parameters

pandas_categorical:null
